[0001] ¢
[0002] 0
[0003] 9
[0004] 9, 0
[0005] 8
[0006] 8, 0
[0007] 8, 9
[0008] 8, 9, 0
[0009] 7
[0010] 7, 0
[0011] 7, 9
[0012] 7, 9, 0
[0013] 7, 8
[0014] 7, 8, 0
[0015] 7, 8, 9
[0016] 7, 8, 9, 0
[0017] 6
[0018] 6, 0
[0019] 6, 9
[0020] 6, 9, 0
[0021] 6, 8
[0022] 6, 8, 0
[0023] 6, 8, 9
[0024] 6, 8, 9, 0
[0025] 6, 7
[0026] 6, 7, 0
[0027] 6, 7, 9
[0028] 6, 7, 9, 0
[0029] 6, 7, 8
[0030] 6, 7, 8, 0
[0031] 6, 7, 8, 9
[0032] 6, 7, 8, 9, 0
[0033] 5
[0034] 5, 0
[0035] 5, 9
[0036] 5, 9, 0
[0037] 5, 8
[0038] 5, 8, 0
[0039] 5, 8, 9
[0040] 5, 8, 9, 0
[0041] 5, 7
[0042] 5, 7, 0
[0043] 5, 7, 9
[0044] 5, 7, 9, 0
[0045] 5, 7, 8
[0046] 5, 7, 8, 0
[0047] 5, 7, 8, 9
[0048] 5, 7, 8, 9, 0
[0049] 5, 6
[0050] 5, 6, 0
[0051] 5, 6, 9
[0052] 5, 6, 9, 0
[0053] 5, 6, 8
[0054] 5, 6, 8, 0
[0055] 5, 6, 8, 9
[0056] 5, 6, 8, 9, 0
[0057] 5, 6, 7
[0058] 5, 6, 7, 0
[0059] 5, 6, 7, 9
[0060] 5, 6, 7, 9, 0
[0061] 5, 6, 7, 8
[0062] 5, 6, 7, 8, 0
[0063] 5, 6, 7, 8, 9
[0064] 5, 6, 7, 8, 9, 0
[0065] 4
[0066] 4, 0
[0067] 4, 9
[0068] 4, 9, 0
[0069] 4, 8
[0070] 4, 8, 0
[0071] 4, 8, 9
[0072] 4, 8, 9, 0
[0073] 4, 7
[0074] 4, 7, 0
[0075] 4, 7, 9
[0076] 4, 7, 9, 0
[0077] 4, 7, 8
[0078] 4, 7, 8, 0
[0079] 4, 7, 8, 9
[0080] 4, 7, 8, 9, 0
[0081] 4, 6
[0082] 4, 6, 0
[0083] 4, 6, 9
[0084] 4, 6, 9, 0
[0085] 4, 6, 8
[0086] 4, 6, 8, 0
[0087] 4, 6, 8, 9
[0088] 4, 6, 8, 9, 0
[0089] 4, 6, 7
[0090] 4, 6, 7, 0
[0091] 4, 6, 7, 9
[0092] 4, 6, 7, 9, 0
[0093] 4, 6, 7, 8
[0094] 4, 6, 7, 8, 0
[0095] 4, 6, 7, 8, 9
[0096] 4, 6, 7, 8, 9, 0
[0097] 4, 5
[0098] 4, 5, 0
[0099] 4, 5, 9
[0100] 4, 5, 9, 0
[0101] 4, 5, 8
[0102] 4, 5, 8, 0
[0103] 4, 5, 8, 9
[0104] 4, 5, 8, 9, 0
[0105] 4, 5, 7
[0106] 4, 5, 7, 0
[0107] 4, 5, 7, 9
[0108] 4, 5, 7, 9, 0
[0109] 4, 5, 7, 8
[0110] 4, 5, 7, 8, 0
[0111] 4, 5, 7, 8, 9
[0112] 4, 5, 7, 8, 9, 0
[0113] 4, 5, 6
[0114] 4, 5, 6, 0
[0115] 4, 5, 6, 9
[0116] 4, 5, 6, 9, 0
[0117] 4, 5, 6, 8
[0118] 4, 5, 6, 8, 0
[0119] 4, 5, 6, 8, 9
[0120] 4, 5, 6, 8, 9, 0
[0121] 4, 5, 6, 7
[0122] 4, 5, 6, 7, 0
[0123] 4, 5, 6, 7, 9
[0124] 4, 5, 6, 7, 9, 0
[0125] 4, 5, 6, 7, 8
[0126] 4, 5, 6, 7, 8, 0
[0127] 4, 5, 6, 7, 8, 9
[0128] 4, 5, 6, 7, 8, 9, 0
[0129] 3
[0130] 3, 0
[0131] 3, 9
[0132] 3, 9, 0
[0133] 3, 8
[0134] 3, 8, 0
[0135] 3, 8, 9
[0136] 3, 8, 9, 0
[0137] 3, 7
[0138] 3, 7, 0
[0139] 3, 7, 9
[0140] 3, 7, 9, 0
[0141] 3, 7, 8
[0142] 3, 7, 8, 0
[0143] 3, 7, 8, 9
[0144] 3, 7, 8, 9, 0
[0145] 3, 6
[0146] 3, 6, 0
[0147] 3, 6, 9
[0148] 3, 6, 9, 0
[0149] 3, 6, 8
[0150] 3, 6, 8, 0
[0151] 3, 6, 8, 9
[0152] 3, 6, 8, 9, 0
[0153] 3, 6, 7
[0154] 3, 6, 7, 0
[0155] 3, 6, 7, 9
[0156] 3, 6, 7, 9, 0
[0157] 3, 6, 7, 8
[0158] 3, 6, 7, 8, 0
[0159] 3, 6, 7, 8, 9
[0160] 3, 6, 7, 8, 9, 0
[0161] 3, 5
[0162] 3, 5, 0
[0163] 3, 5, 9
[0164] 3, 5, 9, 0
[0165] 3, 5, 8
[0166] 3, 5, 8, 0
[0167] 3, 5, 8, 9
[0168] 3, 5, 8, 9, 0
[0169] 3, 5, 7
[0170] 3, 5, 7, 0
[0171] 3, 5, 7, 9
[0172] 3, 5, 7, 9, 0
[0173] 3, 5, 7, 8
[0174] 3, 5, 7, 8, 0
[0175] 3, 5, 7, 8, 9
[0176] 3, 5, 7, 8, 9, 0
[0177] 3, 5, 6
[0178] 3, 5, 6, 0
[0179] 3, 5, 6, 9
[0180] 3, 5, 6, 9, 0
[0181] 3, 5, 6, 8
[0182] 3, 5, 6, 8, 0
[0183] 3, 5, 6, 8, 9
[0184] 3, 5, 6, 8, 9, 0
[0185] 3, 5, 6, 7
[0186] 3, 5, 6, 7, 0
[0187] 3, 5, 6, 7, 9
[0188] 3, 5, 6, 7, 9, 0
[0189] 3, 5, 6, 7, 8
[0190] 3, 5, 6, 7, 8, 0
[0191] 3, 5, 6, 7, 8, 9
[0192] 3, 5, 6, 7, 8, 9, 0
[0193] 3, 4
[0194] 3, 4, 0
[0195] 3, 4, 9
[0196] 3, 4, 9, 0
[0197] 3, 4, 8
[0198] 3, 4, 8, 0
[0199] 3, 4, 8, 9
[0200] 3, 4, 8, 9, 0
[0201] 3, 4, 7
[0202] 3, 4, 7, 0
[0203] 3, 4, 7, 9
[0204] 3, 4, 7, 9, 0
[0205] 3, 4, 7, 8
[0206] 3, 4, 7, 8, 0
[0207] 3, 4, 7, 8, 9
[0208] 3, 4, 7, 8, 9, 0
[0209] 3, 4, 6
[0210] 3, 4, 6, 0
[0211] 3, 4, 6, 9
[0212] 3, 4, 6, 9, 0
[0213] 3, 4, 6, 8
[0214] 3, 4, 6, 8, 0
[0215] 3, 4, 6, 8, 9
[0216] 3, 4, 6, 8, 9, 0
[0217] 3, 4, 6, 7
[0218] 3, 4, 6, 7, 0
[0219] 3, 4, 6, 7, 9
[0220] 3, 4, 6, 7, 9, 0
[0221] 3, 4, 6, 7, 8
[0222] 3, 4, 6, 7, 8, 0
[0223] 3, 4, 6, 7, 8, 9
[0224] 3, 4, 6, 7, 8, 9, 0
[0225] 3, 4, 5
[0226] 3, 4, 5, 0
[0227] 3, 4, 5, 9
[0228] 3, 4, 5, 9, 0
[0229] 3, 4, 5, 8
[0230] 3, 4, 5, 8, 0
[0231] 3, 4, 5, 8, 9
[0232] 3, 4, 5, 8, 9, 0
[0233] 3, 4, 5, 7
[0234] 3, 4, 5, 7, 0
[0235] 3, 4, 5, 7, 9
[0236] 3, 4, 5, 7, 9, 0
[0237] 3, 4, 5, 7, 8
[0238] 3, 4, 5, 7, 8, 0
[0239] 3, 4, 5, 7, 8, 9
[0240] 3, 4, 5, 7, 8, 9, 0
[0241] 3, 4, 5, 6
[0242] 3, 4, 5, 6, 0
[0243] 3, 4, 5, 6, 9
[0244] 3, 4, 5, 6, 9, 0
[0245] 3, 4, 5, 6, 8
[0246] 3, 4, 5, 6, 8, 0
[0247] 3, 4, 5, 6, 8, 9
[0248] 3, 4, 5, 6, 8, 9, 0
[0249] 3, 4, 5, 6, 7
[0250] 3, 4, 5, 6, 7, 0
[0251] 3, 4, 5, 6, 7, 9
[0252] 3, 4, 5, 6, 7, 9, 0
[0253] 3, 4, 5, 6, 7, 8
[0254] 3, 4, 5, 6, 7, 8, 0
[0255] 3, 4, 5, 6, 7, 8, 9
[0256] 3, 4, 5, 6, 7, 8, 9, 0
[0257] 2
[0258] 2, 0
[0259] 2, 9
[0260] 2, 9, 0
[0261] 2, 8
[0262] 2, 8, 0
[0263] 2, 8, 9
[0264] 2, 8, 9, 0
[0265] 2, 7
[0266] 2, 7, 0
[0267] 2, 7, 9
[0268] 2, 7, 9, 0
[0269] 2, 7, 8
[0270] 2, 7, 8, 0
[0271] 2, 7, 8, 9
[0272] 2, 7, 8, 9, 0
[0273] 2, 6
[0274] 2, 6, 0
[0275] 2, 6, 9
[0276] 2, 6, 9, 0
[0277] 2, 6, 8
[0278] 2, 6, 8, 0
[0279] 2, 6, 8, 9
[0280] 2, 6, 8, 9, 0
[0281] 2, 6, 7
[0282] 2, 6, 7, 0
[0283] 2, 6, 7, 9
[0284] 2, 6, 7, 9, 0
[0285] 2, 6, 7, 8
[0286] 2, 6, 7, 8, 0
[0287] 2, 6, 7, 8, 9
[0288] 2, 6, 7, 8, 9, 0
[0289] 2, 5
[0290] 2, 5, 0
[0291] 2, 5, 9
[0292] 2, 5, 9, 0
[0293] 2, 5, 8
[0294] 2, 5, 8, 0
[0295] 2, 5, 8, 9
[0296] 2, 5, 8, 9, 0
[0297] 2, 5, 7
[0298] 2, 5, 7, 0
[0299] 2, 5, 7, 9
[0300] 2, 5, 7, 9, 0
[0301] 2, 5, 7, 8
[0302] 2, 5, 7, 8, 0
[0303] 2, 5, 7, 8, 9
[0304] 2, 5, 7, 8, 9, 0
[0305] 2, 5, 6
[0306] 2, 5, 6, 0
[0307] 2, 5, 6, 9
[0308] 2, 5, 6, 9, 0
[0309] 2, 5, 6, 8
[0310] 2, 5, 6, 8, 0
[0311] 2, 5, 6, 8, 9
[0312] 2, 5, 6, 8, 9, 0
[0313] 2, 5, 6, 7
[0314] 2, 5, 6, 7, 0
[0315] 2, 5, 6, 7, 9
[0316] 2, 5, 6, 7, 9, 0
[0317] 2, 5, 6, 7, 8
[0318] 2, 5, 6, 7, 8, 0
[0319] 2, 5, 6, 7, 8, 9
[0320] 2, 5, 6, 7, 8, 9, 0
[0321] 2, 4
[0322] 2, 4, 0
[0323] 2, 4, 9
[0324] 2, 4, 9, 0
[0325] 2, 4, 8
[0326] 2, 4, 8, 0
[0327] 2, 4, 8, 9
[0328] 2, 4, 8, 9, 0
[0329] 2, 4, 7
[0330] 2, 4, 7, 0
[0331] 2, 4, 7, 9
[0332] 2, 4, 7, 9, 0
[0333] 2, 4, 7, 8
[0334] 2, 4, 7, 8, 0
[0335] 2, 4, 7, 8, 9
[0336] 2, 4, 7, 8, 9, 0
[0337] 2, 4, 6
[0338] 2, 4, 6, 0
[0339] 2, 4, 6, 9
[0340] 2, 4, 6, 9, 0
[0341] 2, 4, 6, 8
[0342] 2, 4, 6, 8, 0
[0343] 2, 4, 6, 8, 9
[0344] 2, 4, 6, 8, 9, 0
[0345] 2, 4, 6, 7
[0346] 2, 4, 6, 7, 0
[0347] 2, 4, 6, 7, 9
[0348] 2, 4, 6, 7, 9, 0
[0349] 2, 4, 6, 7, 8
[0350] 2, 4, 6, 7, 8, 0
[0351] 2, 4, 6, 7, 8, 9
[0352] 2, 4, 6, 7, 8, 9, 0
[0353] 2, 4, 5
[0354] 2, 4, 5, 0
[0355] 2, 4, 5, 9
[0356] 2, 4, 5, 9, 0
[0357] 2, 4, 5, 8
[0358] 2, 4, 5, 8, 0
[0359] 2, 4, 5, 8, 9
[0360] 2, 4, 5, 8, 9, 0
[0361] 2, 4, 5, 7
[0362] 2, 4, 5, 7, 0
[0363] 2, 4, 5, 7, 9
[0364] 2, 4, 5, 7, 9, 0
[0365] 2, 4, 5, 7, 8
[0366] 2, 4, 5, 7, 8, 0
[0367] 2, 4, 5, 7, 8, 9
[0368] 2, 4, 5, 7, 8, 9, 0
[0369] 2, 4, 5, 6
[0370] 2, 4, 5, 6, 0
[0371] 2, 4, 5, 6, 9
[0372] 2, 4, 5, 6, 9, 0
[0373] 2, 4, 5, 6, 8
[0374] 2, 4, 5, 6, 8, 0
[0375] 2, 4, 5, 6, 8, 9
[0376] 2, 4, 5, 6, 8, 9, 0
[0377] 2, 4, 5, 6, 7
[0378] 2, 4, 5, 6, 7, 0
[0379] 2, 4, 5, 6, 7, 9
[0380] 2, 4, 5, 6, 7, 9, 0
[0381] 2, 4, 5, 6, 7, 8
[0382] 2, 4, 5, 6, 7, 8, 0
[0383] 2, 4, 5, 6, 7, 8, 9
[0384] 2, 4, 5, 6, 7, 8, 9, 0
[0385] 2, 3
[0386] 2, 3, 0
[0387] 2, 3, 9
[0388] 2, 3, 9, 0
[0389] 2, 3, 8
[0390] 2, 3, 8, 0
[0391] 2, 3, 8, 9
[0392] 2, 3, 8, 9, 0
[0393] 2, 3, 7
[0394] 2, 3, 7, 0
[0395] 2, 3, 7, 9
[0396] 2, 3, 7, 9, 0
[0397] 2, 3, 7, 8
[0398] 2, 3, 7, 8, 0
[0399] 2, 3, 7, 8, 9
[0400] 2, 3, 7, 8, 9, 0
[0401] 2, 3, 6
[0402] 2, 3, 6, 0
[0403] 2, 3, 6, 9
[0404] 2, 3, 6, 9, 0
[0405] 2, 3, 6, 8
[0406] 2, 3, 6, 8, 0
[0407] 2, 3, 6, 8, 9
[0408] 2, 3, 6, 8, 9, 0
[0409] 2, 3, 6, 7
[0410] 2, 3, 6, 7, 0
[0411] 2, 3, 6, 7, 9
[0412] 2, 3, 6, 7, 9, 0
[0413] 2, 3, 6, 7, 8
[0414] 2, 3, 6, 7, 8, 0
[0415] 2, 3, 6, 7, 8, 9
[0416] 2, 3, 6, 7, 8, 9, 0
[0417] 2, 3, 5
[0418] 2, 3, 5, 0
[0419] 2, 3, 5, 9
[0420] 2, 3, 5, 9, 0
[0421] 2, 3, 5, 8
[0422] 2, 3, 5, 8, 0
[0423] 2, 3, 5, 8, 9
[0424] 2, 3, 5, 8, 9, 0
[0425] 2, 3, 5, 7
[0426] 2, 3, 5, 7, 0
[0427] 2, 3, 5, 7, 9
[0428] 2, 3, 5, 7, 9, 0
[0429] 2, 3, 5, 7, 8
[0430] 2, 3, 5, 7, 8, 0
[0431] 2, 3, 5, 7, 8, 9
[0432] 2, 3, 5, 7, 8, 9, 0
[0433] 2, 3, 5, 6
[0434] 2, 3, 5, 6, 0
[0435] 2, 3, 5, 6, 9
[0436] 2, 3, 5, 6, 9, 0
[0437] 2, 3, 5, 6, 8
[0438] 2, 3, 5, 6, 8, 0
[0439] 2, 3, 5, 6, 8, 9
[0440] 2, 3, 5, 6, 8, 9, 0
[0441] 2, 3, 5, 6, 7
[0442] 2, 3, 5, 6, 7, 0
[0443] 2, 3, 5, 6, 7, 9
[0444] 2, 3, 5, 6, 7, 9, 0
[0445] 2, 3, 5, 6, 7, 8
[0446] 2, 3, 5, 6, 7, 8, 0
[0447] 2, 3, 5, 6, 7, 8, 9
[0448] 2, 3, 5, 6, 7, 8, 9, 0
[0449] 2, 3, 4
[0450] 2, 3, 4, 0
[0451] 2, 3, 4, 9
[0452] 2, 3, 4, 9, 0
[0453] 2, 3, 4, 8
[0454] 2, 3, 4, 8, 0
[0455] 2, 3, 4, 8, 9
[0456] 2, 3, 4, 8, 9, 0
[0457] 2, 3, 4, 7
[0458] 2, 3, 4, 7, 0
[0459] 2, 3, 4, 7, 9
[0460] 2, 3, 4, 7, 9, 0
[0461] 2, 3, 4, 7, 8
[0462] 2, 3, 4, 7, 8, 0
[0463] 2, 3, 4, 7, 8, 9
[0464] 2, 3, 4, 7, 8, 9, 0
[0465] 2, 3, 4, 6
[0466] 2, 3, 4, 6, 0
[0467] 2, 3, 4, 6, 9
[0468] 2, 3, 4, 6, 9, 0
[0469] 2, 3, 4, 6, 8
[0470] 2, 3, 4, 6, 8, 0
[0471] 2, 3, 4, 6, 8, 9
[0472] 2, 3, 4, 6, 8, 9, 0
[0473] 2, 3, 4, 6, 7
[0474] 2, 3, 4, 6, 7, 0
[0475] 2, 3, 4, 6, 7, 9
[0476] 2, 3, 4, 6, 7, 9, 0
[0477] 2, 3, 4, 6, 7, 8
[0478] 2, 3, 4, 6, 7, 8, 0
[0479] 2, 3, 4, 6, 7, 8, 9
[0480] 2, 3, 4, 6, 7, 8, 9, 0
[0481] 2, 3, 4, 5
[0482] 2, 3, 4, 5, 0
[0483] 2, 3, 4, 5, 9
[0484] 2, 3, 4, 5, 9, 0
[0485] 2, 3, 4, 5, 8
[0486] 2, 3, 4, 5, 8, 0
[0487] 2, 3, 4, 5, 8, 9
[0488] 2, 3, 4, 5, 8, 9, 0
[0489] 2, 3, 4, 5, 7
[0490] 2, 3, 4, 5, 7, 0
[0491] 2, 3, 4, 5, 7, 9
[0492] 2, 3, 4, 5, 7, 9, 0
[0493] 2, 3, 4, 5, 7, 8
[0494] 2, 3, 4, 5, 7, 8, 0
[0495] 2, 3, 4, 5, 7, 8, 9
[0496] 2, 3, 4, 5, 7, 8, 9, 0
[0497] 2, 3, 4, 5, 6
[0498] 2, 3, 4, 5, 6, 0
[0499] 2, 3, 4, 5, 6, 9
[0500] 2, 3, 4, 5, 6, 9, 0
[0501] 2, 3, 4, 5, 6, 8
[0502] 2, 3, 4, 5, 6, 8, 0
[0503] 2, 3, 4, 5, 6, 8, 9
[0504] 2, 3, 4, 5, 6, 8, 9, 0
[0505] 2, 3, 4, 5, 6, 7
[0506] 2, 3, 4, 5, 6, 7, 0
[0507] 2, 3, 4, 5, 6, 7, 9
[0508] 2, 3, 4, 5, 6, 7, 9, 0
[0509] 2, 3, 4, 5, 6, 7, 8
[0510] 2, 3, 4, 5, 6, 7, 8, 0
[0511] 2, 3, 4, 5, 6, 7, 8, 9
[0512] 2, 3, 4, 5, 6, 7, 8, 9, 0
[0513] 1
[0514] 1, 0
[0515] 1, 9
[0516] 1, 9, 0
[0517] 1, 8
[0518] 1, 8, 0
[0519] 1, 8, 9
[0520] 1, 8, 9, 0
[0521] 1, 7
[0522] 1, 7, 0
[0523] 1, 7, 9
[0524] 1, 7, 9, 0
[0525] 1, 7, 8
[0526] 1, 7, 8, 0
[0527] 1, 7, 8, 9
[0528] 1, 7, 8, 9, 0
[0529] 1, 6
[0530] 1, 6, 0
[0531] 1, 6, 9
[0532] 1, 6, 9, 0
[0533] 1, 6, 8
[0534] 1, 6, 8, 0
[0535] 1, 6, 8, 9
[0536] 1, 6, 8, 9, 0
[0537] 1, 6, 7
[0538] 1, 6, 7, 0
[0539] 1, 6, 7, 9
[0540] 1, 6, 7, 9, 0
[0541] 1, 6, 7, 8
[0542] 1, 6, 7, 8, 0
[0543] 1, 6, 7, 8, 9
[0544] 1, 6, 7, 8, 9, 0
[0545] 1, 5
[0546] 1, 5, 0
[0547] 1, 5, 9
[0548] 1, 5, 9, 0
[0549] 1, 5, 8
[0550] 1, 5, 8, 0
[0551] 1, 5, 8, 9
[0552] 1, 5, 8, 9, 0
[0553] 1, 5, 7
[0554] 1, 5, 7, 0
[0555] 1, 5, 7, 9
[0556] 1, 5, 7, 9, 0
[0557] 1, 5, 7, 8
[0558] 1, 5, 7, 8, 0
[0559] 1, 5, 7, 8, 9
[0560] 1, 5, 7, 8, 9, 0
[0561] 1, 5, 6
[0562] 1, 5, 6, 0
[0563] 1, 5, 6, 9
[0564] 1, 5, 6, 9, 0
[0565] 1, 5, 6, 8
[0566] 1, 5, 6, 8, 0
[0567] 1, 5, 6, 8, 9
[0568] 1, 5, 6, 8, 9, 0
[0569] 1, 5, 6, 7
[0570] 1, 5, 6, 7, 0
[0571] 1, 5, 6, 7, 9
[0572] 1, 5, 6, 7, 9, 0
[0573] 1, 5, 6, 7, 8
[0574] 1, 5, 6, 7, 8, 0
[0575] 1, 5, 6, 7, 8, 9
[0576] 1, 5, 6, 7, 8, 9, 0
[0577] 1, 4
[0578] 1, 4, 0
[0579] 1, 4, 9
[0580] 1, 4, 9, 0
[0581] 1, 4, 8
[0582] 1, 4, 8, 0
[0583] 1, 4, 8, 9
[0584] 1, 4, 8, 9, 0
[0585] 1, 4, 7
[0586] 1, 4, 7, 0
[0587] 1, 4, 7, 9
[0588] 1, 4, 7, 9, 0
[0589] 1, 4, 7, 8
[0590] 1, 4, 7, 8, 0
[0591] 1, 4, 7, 8, 9
[0592] 1, 4, 7, 8, 9, 0
[0593] 1, 4, 6
[0594] 1, 4, 6, 0
[0595] 1, 4, 6, 9
[0596] 1, 4, 6, 9, 0
[0597] 1, 4, 6, 8
[0598] 1, 4, 6, 8, 0
[0599] 1, 4, 6, 8, 9
[0600] 1, 4, 6, 8, 9, 0
[0601] 1, 4, 6, 7
[0602] 1, 4, 6, 7, 0
[0603] 1, 4, 6, 7, 9
[0604] 1, 4, 6, 7, 9, 0
[0605] 1, 4, 6, 7, 8
[0606] 1, 4, 6, 7, 8, 0
[0607] 1, 4, 6, 7, 8, 9
[0608] 1, 4, 6, 7, 8, 9, 0
[0609] 1, 4, 5
[0610] 1, 4, 5, 0
[0611] 1, 4, 5, 9
[0612] 1, 4, 5, 9, 0
[0613] 1, 4, 5, 8
[0614] 1, 4, 5, 8, 0
[0615] 1, 4, 5, 8, 9
[0616] 1, 4, 5, 8, 9, 0
[0617] 1, 4, 5, 7
[0618] 1, 4, 5, 7, 0
[0619] 1, 4, 5, 7, 9
[0620] 1, 4, 5, 7, 9, 0
[0621] 1, 4, 5, 7, 8
[0622] 1, 4, 5, 7, 8, 0
[0623] 1, 4, 5, 7, 8, 9
[0624] 1, 4, 5, 7, 8, 9, 0
[0625] 1, 4, 5, 6
[0626] 1, 4, 5, 6, 0
[0627] 1, 4, 5, 6, 9
[0628] 1, 4, 5, 6, 9, 0
[0629] 1, 4, 5, 6, 8
[0630] 1, 4, 5, 6, 8, 0
[0631] 1, 4, 5, 6, 8, 9
[0632] 1, 4, 5, 6, 8, 9, 0
[0633] 1, 4, 5, 6, 7
[0634] 1, 4, 5, 6, 7, 0
[0635] 1, 4, 5, 6, 7, 9
[0636] 1, 4, 5, 6, 7, 9, 0
[0637] 1, 4, 5, 6, 7, 8
[0638] 1, 4, 5, 6, 7, 8, 0
[0639] 1, 4, 5, 6, 7, 8, 9
[0640] 1, 4, 5, 6, 7, 8, 9, 0
[0641] 1, 3
[0642] 1, 3, 0
[0643] 1, 3, 9
[0644] 1, 3, 9, 0
[0645] 1, 3, 8
[0646] 1, 3, 8, 0
[0647] 1, 3, 8, 9
[0648] 1, 3, 8, 9, 0
[0649] 1, 3, 7
[0650] 1, 3, 7, 0
[0651] 1, 3, 7, 9
[0652] 1, 3, 7, 9, 0
[0653] 1, 3, 7, 8
[0654] 1, 3, 7, 8, 0
[0655] 1, 3, 7, 8, 9
[0656] 1, 3, 7, 8, 9, 0
[0657] 1, 3, 6
[0658] 1, 3, 6, 0
[0659] 1, 3, 6, 9
[0660] 1, 3, 6, 9, 0
[0661] 1, 3, 6, 8
[0662] 1, 3, 6, 8, 0
[0663] 1, 3, 6, 8, 9
[0664] 1, 3, 6, 8, 9, 0
[0665] 1, 3, 6, 7
[0666] 1, 3, 6, 7, 0
[0667] 1, 3, 6, 7, 9
[0668] 1, 3, 6, 7, 9, 0
[0669] 1, 3, 6, 7, 8
[0670] 1, 3, 6, 7, 8, 0
[0671] 1, 3, 6, 7, 8, 9
[0672] 1, 3, 6, 7, 8, 9, 0
[0673] 1, 3, 5
[0674] 1, 3, 5, 0
[0675] 1, 3, 5, 9
[0676] 1, 3, 5, 9, 0
[0677] 1, 3, 5, 8
[0678] 1, 3, 5, 8, 0
[0679] 1, 3, 5, 8, 9
[0680] 1, 3, 5, 8, 9, 0
[0681] 1, 3, 5, 7
[0682] 1, 3, 5, 7, 0
[0683] 1, 3, 5, 7, 9
[0684] 1, 3, 5, 7, 9, 0
[0685] 1, 3, 5, 7, 8
[0686] 1, 3, 5, 7, 8, 0
[0687] 1, 3, 5, 7, 8, 9
[0688] 1, 3, 5, 7, 8, 9, 0
[0689] 1, 3, 5, 6
[0690] 1, 3, 5, 6, 0
[0691] 1, 3, 5, 6, 9
[0692] 1, 3, 5, 6, 9, 0
[0693] 1, 3, 5, 6, 8
[0694] 1, 3, 5, 6, 8, 0
[0695] 1, 3, 5, 6, 8, 9
[0696] 1, 3, 5, 6, 8, 9, 0
[0697] 1, 3, 5, 6, 7
[0698] 1, 3, 5, 6, 7, 0
[0699] 1, 3, 5, 6, 7, 9
[0700] 1, 3, 5, 6, 7, 9, 0
[0701] 1, 3, 5, 6, 7, 8
[0702] 1, 3, 5, 6, 7, 8, 0
[0703] 1, 3, 5, 6, 7, 8, 9
[0704] 1, 3, 5, 6, 7, 8, 9, 0
[0705] 1, 3, 4
[0706] 1, 3, 4, 0
[0707] 1, 3, 4, 9
[0708] 1, 3, 4, 9, 0
[0709] 1, 3, 4, 8
[0710] 1, 3, 4, 8, 0
[0711] 1, 3, 4, 8, 9
[0712] 1, 3, 4, 8, 9, 0
[0713] 1, 3, 4, 7
[0714] 1, 3, 4, 7, 0
[0715] 1, 3, 4, 7, 9
[0716] 1, 3, 4, 7, 9, 0
[0717] 1, 3, 4, 7, 8
[0718] 1, 3, 4, 7, 8, 0
[0719] 1, 3, 4, 7, 8, 9
[0720] 1, 3, 4, 7, 8, 9, 0
[0721] 1, 3, 4, 6
[0722] 1, 3, 4, 6, 0
[0723] 1, 3, 4, 6, 9
[0724] 1, 3, 4, 6, 9, 0
[0725] 1, 3, 4, 6, 8
[0726] 1, 3, 4, 6, 8, 0
[0727] 1, 3, 4, 6, 8, 9
[0728] 1, 3, 4, 6, 8, 9, 0
[0729] 1, 3, 4, 6, 7
[0730] 1, 3, 4, 6, 7, 0
[0731] 1, 3, 4, 6, 7, 9
[0732] 1, 3, 4, 6, 7, 9, 0
[0733] 1, 3, 4, 6, 7, 8
[0734] 1, 3, 4, 6, 7, 8, 0
[0735] 1, 3, 4, 6, 7, 8, 9
[0736] 1, 3, 4, 6, 7, 8, 9, 0
[0737] 1, 3, 4, 5
[0738] 1, 3, 4, 5, 0
[0739] 1, 3, 4, 5, 9
[0740] 1, 3, 4, 5, 9, 0
[0741] 1, 3, 4, 5, 8
[0742] 1, 3, 4, 5, 8, 0
[0743] 1, 3, 4, 5, 8, 9
[0744] 1, 3, 4, 5, 8, 9, 0
[0745] 1, 3, 4, 5, 7
[0746] 1, 3, 4, 5, 7, 0
[0747] 1, 3, 4, 5, 7, 9
[0748] 1, 3, 4, 5, 7, 9, 0
[0749] 1, 3, 4, 5, 7, 8
[0750] 1, 3, 4, 5, 7, 8, 0
[0751] 1, 3, 4, 5, 7, 8, 9
[0752] 1, 3, 4, 5, 7, 8, 9, 0
[0753] 1, 3, 4, 5, 6
[0754] 1, 3, 4, 5, 6, 0
[0755] 1, 3, 4, 5, 6, 9
[0756] 1, 3, 4, 5, 6, 9, 0
[0757] 1, 3, 4, 5, 6, 8
[0758] 1, 3, 4, 5, 6, 8, 0
[0759] 1, 3, 4, 5, 6, 8, 9
[0760] 1, 3, 4, 5, 6, 8, 9, 0
[0761] 1, 3, 4, 5, 6, 7
[0762] 1, 3, 4, 5, 6, 7, 0
[0763] 1, 3, 4, 5, 6, 7, 9
[0764] 1, 3, 4, 5, 6, 7, 9, 0
[0765] 1, 3, 4, 5, 6, 7, 8
[0766] 1, 3, 4, 5, 6, 7, 8, 0
[0767] 1, 3, 4, 5, 6, 7, 8, 9
[0768] 1, 3, 4, 5, 6, 7, 8, 9, 0
[0769] 1, 2
[0770] 1, 2, 0
[0771] 1, 2, 9
[0772] 1, 2, 9, 0
[0773] 1, 2, 8
[0774] 1, 2, 8, 0
[0775] 1, 2, 8, 9
[0776] 1, 2, 8, 9, 0
[0777] 1, 2, 7
[0778] 1, 2, 7, 0
[0779] 1, 2, 7, 9
[0780] 1, 2, 7, 9, 0
[0781] 1, 2, 7, 8
[0782] 1, 2, 7, 8, 0
[0783] 1, 2, 7, 8, 9
[0784] 1, 2, 7, 8, 9, 0
[0785] 1, 2, 6
[0786] 1, 2, 6, 0
[0787] 1, 2, 6, 9
[0788] 1, 2, 6, 9, 0
[0789] 1, 2, 6, 8
[0790] 1, 2, 6, 8, 0
[0791] 1, 2, 6, 8, 9
[0792] 1, 2, 6, 8, 9, 0
[0793] 1, 2, 6, 7
[0794] 1, 2, 6, 7, 0
[0795] 1, 2, 6, 7, 9
[0796] 1, 2, 6, 7, 9, 0
[0797] 1, 2, 6, 7, 8
[0798] 1, 2, 6, 7, 8, 0
[0799] 1, 2, 6, 7, 8, 9
[0800] 1, 2, 6, 7, 8, 9, 0
[0801] 1, 2, 5
[0802] 1, 2, 5, 0
[0803] 1, 2, 5, 9
[0804] 1, 2, 5, 9, 0
[0805] 1, 2, 5, 8
[0806] 1, 2, 5, 8, 0
[0807] 1, 2, 5, 8, 9
[0808] 1, 2, 5, 8, 9, 0
[0809] 1, 2, 5, 7
[0810] 1, 2, 5, 7, 0
[0811] 1, 2, 5, 7, 9
[0812] 1, 2, 5, 7, 9, 0
[0813] 1, 2, 5, 7, 8
[0814] 1, 2, 5, 7, 8, 0
[0815] 1, 2, 5, 7, 8, 9
[0816] 1, 2, 5, 7, 8, 9, 0
[0817] 1, 2, 5, 6
[0818] 1, 2, 5, 6, 0
[0819] 1, 2, 5, 6, 9
[0820] 1, 2, 5, 6, 9, 0
[0821] 1, 2, 5, 6, 8
[0822] 1, 2, 5, 6, 8, 0
[0823] 1, 2, 5, 6, 8, 9
[0824] 1, 2, 5, 6, 8, 9, 0
[0825] 1, 2, 5, 6, 7
[0826] 1, 2, 5, 6, 7, 0
[0827] 1, 2, 5, 6, 7, 9
[0828] 1, 2, 5, 6, 7, 9, 0
[0829] 1, 2, 5, 6, 7, 8
[0830] 1, 2, 5, 6, 7, 8, 0
[0831] 1, 2, 5, 6, 7, 8, 9
[0832] 1, 2, 5, 6, 7, 8, 9, 0
[0833] 1, 2, 4
[0834] 1, 2, 4, 0
[0835] 1, 2, 4, 9
[0836] 1, 2, 4, 9, 0
[0837] 1, 2, 4, 8
[0838] 1, 2, 4, 8, 0
[0839] 1, 2, 4, 8, 9
[0840] 1, 2, 4, 8, 9, 0
[0841] 1, 2, 4, 7
[0842] 1, 2, 4, 7, 0
[0843] 1, 2, 4, 7, 9
[0844] 1, 2, 4, 7, 9, 0
[0845] 1, 2, 4, 7, 8
[0846] 1, 2, 4, 7, 8, 0
[0847] 1, 2, 4, 7, 8, 9
[0848] 1, 2, 4, 7, 8, 9, 0
[0849] 1, 2, 4, 6
[0850] 1, 2, 4, 6, 0
[0851] 1, 2, 4, 6, 9
[0852] 1, 2, 4, 6, 9, 0
[0853] 1, 2, 4, 6, 8
[0854] 1, 2, 4, 6, 8, 0
[0855] 1, 2, 4, 6, 8, 9
[0856] 1, 2, 4, 6, 8, 9, 0
[0857] 1, 2, 4, 6, 7
[0858] 1, 2, 4, 6, 7, 0
[0859] 1, 2, 4, 6, 7, 9
[0860] 1, 2, 4, 6, 7, 9, 0
[0861] 1, 2, 4, 6, 7, 8
[0862] 1, 2, 4, 6, 7, 8, 0
[0863] 1, 2, 4, 6, 7, 8, 9
[0864] 1, 2, 4, 6, 7, 8, 9, 0
[0865] 1, 2, 4, 5
[0866] 1, 2, 4, 5, 0
[0867] 1, 2, 4, 5, 9
[0868] 1, 2, 4, 5, 9, 0
[0869] 1, 2, 4, 5, 8
[0870] 1, 2, 4, 5, 8, 0
[0871] 1, 2, 4, 5, 8, 9
[0872] 1, 2, 4, 5, 8, 9, 0
[0873] 1, 2, 4, 5, 7
[0874] 1, 2, 4, 5, 7, 0
[0875] 1, 2, 4, 5, 7, 9
[0876] 1, 2, 4, 5, 7, 9, 0
[0877] 1, 2, 4, 5, 7, 8
[0878] 1, 2, 4, 5, 7, 8, 0
[0879] 1, 2, 4, 5, 7, 8, 9
[0880] 1, 2, 4, 5, 7, 8, 9, 0
[0881] 1, 2, 4, 5, 6
[0882] 1, 2, 4, 5, 6, 0
[0883] 1, 2, 4, 5, 6, 9
[0884] 1, 2, 4, 5, 6, 9, 0
[0885] 1, 2, 4, 5, 6, 8
[0886] 1, 2, 4, 5, 6, 8, 0
[0887] 1, 2, 4, 5, 6, 8, 9
[0888] 1, 2, 4, 5, 6, 8, 9, 0
[0889] 1, 2, 4, 5, 6, 7
[0890] 1, 2, 4, 5, 6, 7, 0
[0891] 1, 2, 4, 5, 6, 7, 9
[0892] 1, 2, 4, 5, 6, 7, 9, 0
[0893] 1, 2, 4, 5, 6, 7, 8
[0894] 1, 2, 4, 5, 6, 7, 8, 0
[0895] 1, 2, 4, 5, 6, 7, 8, 9
[0896] 1, 2, 4, 5, 6, 7, 8, 9, 0
[0897] 1, 2, 3
[0898] 1, 2, 3, 0
[0899] 1, 2, 3, 9
[0900] 1, 2, 3, 9, 0
[0901] 1, 2, 3, 8
[0902] 1, 2, 3, 8, 0
[0903] 1, 2, 3, 8, 9
[0904] 1, 2, 3, 8, 9, 0
[0905] 1, 2, 3, 7
[0906] 1, 2, 3, 7, 0
[0907] 1, 2, 3, 7, 9
[0908] 1, 2, 3, 7, 9, 0
[0909] 1, 2, 3, 7, 8
[0910] 1, 2, 3, 7, 8, 0
[0911] 1, 2, 3, 7, 8, 9
[0912] 1, 2, 3, 7, 8, 9, 0
[0913] 1, 2, 3, 6
[0914] 1, 2, 3, 6, 0
[0915] 1, 2, 3, 6, 9
[0916] 1, 2, 3, 6, 9, 0
[0917] 1, 2, 3, 6, 8
[0918] 1, 2, 3, 6, 8, 0
[0919] 1, 2, 3, 6, 8, 9
[0920] 1, 2, 3, 6, 8, 9, 0
[0921] 1, 2, 3, 6, 7
[0922] 1, 2, 3, 6, 7, 0
[0923] 1, 2, 3, 6, 7, 9
[0924] 1, 2, 3, 6, 7, 9, 0
[0925] 1, 2, 3, 6, 7, 8
[0926] 1, 2, 3, 6, 7, 8, 0
[0927] 1, 2, 3, 6, 7, 8, 9
[0928] 1, 2, 3, 6, 7, 8, 9, 0
[0929] 1, 2, 3, 5
[0930] 1, 2, 3, 5, 0
[0931] 1, 2, 3, 5, 9
[0932] 1, 2, 3, 5, 9, 0
[0933] 1, 2, 3, 5, 8
[0934] 1, 2, 3, 5, 8, 0
[0935] 1, 2, 3, 5, 8, 9
[0936] 1, 2, 3, 5, 8, 9, 0
[0937] 1, 2, 3, 5, 7
[0938] 1, 2, 3, 5, 7, 0
[0939] 1, 2, 3, 5, 7, 9
[0940] 1, 2, 3, 5, 7, 9, 0
[0941] 1, 2, 3, 5, 7, 8
[0942] 1, 2, 3, 5, 7, 8, 0
[0943] 1, 2, 3, 5, 7, 8, 9
[0944] 1, 2, 3, 5, 7, 8, 9, 0
[0945] 1, 2, 3, 5, 6
[0946] 1, 2, 3, 5, 6, 0
[0947] 1, 2, 3, 5, 6, 9
[0948] 1, 2, 3, 5, 6, 9, 0
[0949] 1, 2, 3, 5, 6, 8
[0950] 1, 2, 3, 5, 6, 8, 0
[0951] 1, 2, 3, 5, 6, 8, 9
[0952] 1, 2, 3, 5, 6, 8, 9, 0
[0953] 1, 2, 3, 5, 6, 7
[0954] 1, 2, 3, 5, 6, 7, 0
[0955] 1, 2, 3, 5, 6, 7, 9
[0956] 1, 2, 3, 5, 6, 7, 9, 0
[0957] 1, 2, 3, 5, 6, 7, 8
[0958] 1, 2, 3, 5, 6, 7, 8, 0
[0959] 1, 2, 3, 5, 6, 7, 8, 9
[0960] 1, 2, 3, 5, 6, 7, 8, 9, 0
[0961] 1, 2, 3, 4
[0962] 1, 2, 3, 4, 0
[0963] 1, 2, 3, 4, 9
[0964] 1, 2, 3, 4, 9, 0
[0965] 1, 2, 3, 4, 8
[0966] 1, 2, 3, 4, 8, 0
[0967] 1, 2, 3, 4, 8, 9
[0968] 1, 2, 3, 4, 8, 9, 0
[0969] 1, 2, 3, 4, 7
[0970] 1, 2, 3, 4, 7, 0
[0971] 1, 2, 3, 4, 7, 9
[0972] 1, 2, 3, 4, 7, 9, 0
[0973] 1, 2, 3, 4, 7, 8
[0974] 1, 2, 3, 4, 7, 8, 0
[0975] 1, 2, 3, 4, 7, 8, 9
[0976] 1, 2, 3, 4, 7, 8, 9, 0
[0977] 1, 2, 3, 4, 6
[0978] 1, 2, 3, 4, 6, 0
[0979] 1, 2, 3, 4, 6, 9
[0980] 1, 2, 3, 4, 6, 9, 0
[0981] 1, 2, 3, 4, 6, 8
[0982] 1, 2, 3, 4, 6, 8, 0
[0983] 1, 2, 3, 4, 6, 8, 9
[0984] 1, 2, 3, 4, 6, 8, 9, 0
[0985] 1, 2, 3, 4, 6, 7
[0986] 1, 2, 3, 4, 6, 7, 0
[0987] 1, 2, 3, 4, 6, 7, 9
[0988] 1, 2, 3, 4, 6, 7, 9, 0
[0989] 1, 2, 3, 4, 6, 7, 8
[0990] 1, 2, 3, 4, 6, 7, 8, 0
[0991] 1, 2, 3, 4, 6, 7, 8, 9
[0992] 1, 2, 3, 4, 6, 7, 8, 9, 0
[0993] 1, 2, 3, 4, 5
[0994] 1, 2, 3, 4, 5, 0
[0995] 1, 2, 3, 4, 5, 9
[0996] 1, 2, 3, 4, 5, 9, 0
[0997] 1, 2, 3, 4, 5, 8
[0998] 1, 2, 3, 4, 5, 8, 0
[0999] 1, 2, 3, 4, 5, 8, 9
[1000] 1, 2, 3, 4, 5, 8, 9, 0
[1001] 1, 2, 3, 4, 5, 7
[1002] 1, 2, 3, 4, 5, 7, 0
[1003] 1, 2, 3, 4, 5, 7, 9
[1004] 1, 2, 3, 4, 5, 7, 9, 0
[1005] 1, 2, 3, 4, 5, 7, 8
[1006] 1, 2, 3, 4, 5, 7, 8, 0
[1007] 1, 2, 3, 4, 5, 7, 8, 9
[1008] 1, 2, 3, 4, 5, 7, 8, 9, 0
[1009] 1, 2, 3, 4, 5, 6
[1010] 1, 2, 3, 4, 5, 6, 0
[1011] 1, 2, 3, 4, 5, 6, 9
[1012] 1, 2, 3, 4, 5, 6, 9, 0
[1013] 1, 2, 3, 4, 5, 6, 8
[1014] 1, 2, 3, 4, 5, 6, 8, 0
[1015] 1, 2, 3, 4, 5, 6, 8, 9
[1016] 1, 2, 3, 4, 5, 6, 8, 9, 0
[1017] 1, 2, 3, 4, 5, 6, 7
[1018] 1, 2, 3, 4, 5, 6, 7, 0
[1019] 1, 2, 3, 4, 5, 6, 7, 9
[1020] 1, 2, 3, 4, 5, 6, 7, 9, 0
[1021] 1, 2, 3, 4, 5, 6, 7, 8
[1022] 1, 2, 3, 4, 5, 6, 7, 8, 0
[1023] 1, 2, 3, 4, 5, 6, 7, 8, 9
[1024] 1, 2, 3, 4, 5, 6, 7, 8, 9, 0